0 41 67 34 69 24 78 58 62 64 5 45 81 27 61 91 95 42 27 36 91 4 2 53 92 82 21 16 18 95 47 26 71 38 69 12 67 99 35 94 3 11 22 33 73 64 41 11 53 68 47 44 62 57 37 59 23 41 29 78 16 35 90 42 88 6 40 42 64 48 46 5 90 29 70 50 6 1 93 48 29 23 84 54 56 40 66 76 31 8 44 39 26 23 37 38 18 82 29 41 
41 0 33 15 39 58 4 30 77 6 73 86 21 45 24 72 70 29 77 73 97 12 86 90 61 36 55 67 55 74 31 52 50 50 41 24 66 30 7 91 7 37 57 87 53 83 45 9 9 58 21 88 22 46 6 30 13 68 91 62 55 10 59 24 37 48 83 95 41 2 50 91 36 74 20 96 21 48 99 68 84 81 34 53 99 18 38 88 27 67 28 93 48 83 7 21 10 17 13 14 
67 33 0 9 16 35 51 49 19 56 98 3 24 8 44 9 89 2 95 85 93 43 23 87 14 3 48 58 18 80 96 98 81 89 98 9 57 72 22 38 92 38 79 90 57 58 91 15 88 56 11 2 34 72 55 28 46 62 86 75 33 69 42 44 16 81 98 22 51 21 99 57 76 92 89 75 12 10 3 69 61 88 1 89 55 23 2 85 82 85 88 26 17 57 32 32 69 54 21 89 
34 15 9 0 76 29 68 92 25 55 34 49 41 12 45 60 18 53 39 23 79 96 87 29 49 37 66 49 93 95 97 16 86 5 88 82 55 34 14 1 16 71 86 63 13 55 85 53 12 8 32 45 13 56 21 58 46 82 81 44 96 22 29 61 35 50 73 66 44 59 92 39 53 24 54 10 45 49 86 13 74 22 68 18 87 5 58 91 2 25 77 14 14 24 34 74 72 59 33 70 
69 39 16 76 0 87 97 18 77 73 70 63 68 92 85 2 80 13 27 2 99 27 25 43 24 23 72 61 81 3 32 5 93 25 31 92 42 22 86 64 87 60 13 74 70 70 35 33 11 60 96 67 85 50 40 94 95 24 19 25 76 94 58 2 71 66 78 93 51 84 18 64 19 52 87 60 26 10 57 70 15 76 27 43 58 64 9 82 86 65 87 77 74 25 27 29 28 23 20 2 
24 58 35 29 87 0 62 23 96 37 61 95 25 64 60 2 16 30 26 11 71 11 47 53 20 90 24 88 63 40 51 62 29 13 58 78 65 7 77 58 39 3 60 57 24 77 8 13 87 1 50 60 28 93 84 5 40 11 4 35 56 72 50 23 85 56 16 26 57 26 57 37 71 69 61 96 22 17 12 17 96 85 41 23 29 29 65 59 32 96 55 53 62 84 34 54 72 57 69 32 
78 4 51 68 97 62 0 63 7 83 11 35 67 48 75 38 23 42 54 11 41 75 59 25 21 70 26 34 5 83 50 98 79 1 93 34 37 34 56 93 76 5 62 48 81 13 41 55 55 42 62 11 77 24 78 52 43 96 73 40 13 75 72 18 10 17 32 12 95 69 31 40 88 85 90 97 89 90 45 53 14 51 40 44 58 35 59 92 5 64 81 3 29 75 8 92 97 49 56 61 
58 30 49 92 18 23 63 0 27 67 41 29 40 13 74 1 77 15 83 13 92 24 1 92 59 70 28 27 84 75 86 98 70 87 47 4 3 21 63 6 63 10 71 89 40 64 42 19 13 91 4 18 32 50 5 75 39 3 22 98 47 84 48 71 64 13 75 45 12 46 78 69 62 19 85 89 44 65 40 45 8 18 70 1 23 32 72 52 87 70 63 1 3 23 27 69 15 65 28 43 
62 77 19 25 77 96 7 27 0 47 88 43 37 9 63 49 81 88 42 8 60 21 58 54 88 46 90 49 43 30 20 48 67 36 83 35 26 85 38 53 29 24 48 23 59 57 66 44 55 18 26 11 25 55 1 49 96 84 15 64 42 75 13 42 96 48 72 26 6 73 29 4 5 26 12 75 93 65 36 36 41 14 94 56 52 36 38 82 55 15 31 30 41 25 11 37 86 90 50 62 
64 6 56 55 73 37 83 67 47 0 34 93 53 16 52 8 62 33 54 3 34 3 56 48 24 17 13 9 28 80 18 58 50 55 61 64 3 76 43 9 2 61 89 48 82 53 74 20 2 23 31 69 78 59 8 19 71 3 45 81 4 92 85 13 98 89 22 38 37 10 61 34 8 61 59 93 15 69 37 69 58 71 64 17 15 55 15 30 39 12 88 82 54 85 10 84 74 80 15 51 
5 73 98 34 70 61 11 41 88 34 0 41 15 79 10 98 73 88 77 32 56 89 13 8 41 90 23 63 28 84 78 71 85 74 71 33 67 53 95 68 25 76 29 50 98 9 93 86 80 16 49 67 28 79 64 21 5 26 16 16 26 66 87 81 64 40 86 21 62 21 64 9 15 2 73 24 41 45 62 23 31 6 68 18 2 7 7 81 12 36 30 14 9 84 56 90 93 96 52 54 
45 86 3 49 63 95 35 29 43 93 41 0 45 8 48 91 12 31 14 39 58 22 4 95 52 69 79 38 23 18 66 59 98 86 96 62 33 58 22 46 92 37 25 47 58 2 7 98 30 92 78 99 52 48 82 40 15 75 62 67 36 97 18 97 28 51 16 30 49 25 58 29 20 40 60 47 62 55 75 92 61 54 98 46 14 46 88 69 38 63 75 15 21 75 15 28 34 70 5 64 
81 21 24 41 68 25 67 40 37 53 15 45 0 57 62 61 24 49 69 30 23 50 33 25 10 37 36 37 78 93 36 14 64 91 49 35 5 37 4 37 23 64 70 8 68 81 85 52 73 52 94 76 26 96 72 49 40 74 19 43 11 41 89 19 65 5 85 16 50 15 9 64 66 93 74 9 95 73 89 61 72 68 58 31 68 26 10 22 74 79 10 52 82 91 95 64 74 64 2 55 
27 45 8 12 92 64 48 13 9 16 79 8 57 0 60 74 72 21 22 47 77 89 5 95 94 50 43 54 81 12 72 39 28 12 62 67 8 15 8 23 59 34 4 86 19 58 45 6 66 67 92 87 32 56 74 47 21 83 22 31 76 83 48 23 82 18 76 20 11 82 56 90 25 24 86 77 69 43 34 77 68 68 91 96 83 28 27 26 71 97 12 3 27 8 45 8 85 38 37 43 
61 24 44 45 85 60 75 74 63 52 10 48 62 60 0 13 1 50 28 11 50 49 92 54 69 81 65 67 13 93 34 72 72 30 1 42 77 77 70 2 64 81 90 23 37 23 79 95 69 27 42 10 82 58 26 87 70 28 51 58 13 60 83 86 42 10 72 28 34 41 18 3 67 65 38 81 57 50 14 98 58 61 63 56 7 78 89 35 65 75 86 86 33 60 30 48 28 92 33 40 
91 72 9 60 2 2 38 1 49 8 98 91 61 74 13 0 66 35 10 99 37 92 82 28 52 69 44 94 8 52 47 32 35 8 64 97 43 49 15 41 89 12 48 23 51 74 33 91 54 90 97 19 80 78 31 44 40 87 99 25 83 38 92 93 52 11 60 34 40 97 85 29 40 5 91 92 10 49 78 79 71 77 73 93 20 97 26 76 90 82 78 59 18 89 59 49 24 72 80 8 
95 70 89 18 80 16 23 77 81 62 73 12 24 72 1 66 0 67 8 77 3 70 7 96 74 22 11 19 61 56 90 63 83 16 32 52 41 54 13 62 96 60 15 4 99 36 80 98 32 87 84 40 17 6 70 41 82 49 23 58 5 21 95 96 16 78 78 79 58 77 50 7 29 81 95 78 76 53 99 84 65 93 8 72 43 29 14 68 55 91 73 22 48 51 86 44 46 77 17 29 
42 29 2 53 13 30 42 15 88 33 88 31 49 21 50 35 67 0 16 74 91 69 12 46 93 91 15 49 57 40 52 36 51 87 26 62 55 83 94 80 97 65 65 13 61 78 78 78 40 11 47 45 70 75 89 50 49 33 65 14 82 7 32 96 67 22 82 10 41 31 87 5 79 21 38 51 47 8 46 76 59 89 22 66 86 55 28 14 60 53 77 48 3 61 31 82 55 97 6 52 
27 77 95 39 27 26 54 83 42 54 77 14 69 22 28 10 8 16 0 21 96 81 21 55 47 24 18 35 76 74 59 98 74 53 22 35 43 88 53 32 47 80 26 78 50 1 61 99 55 63 16 73 61 45 73 74 50 53 81 87 99 10 43 65 72 29 81 12 76 81 47 90 71 5 72 32 89 20 65 31 58 93 6 78 48 6 71 66 96 97 20 94 29 88 9 84 69 78 17 15 
36 73 85 23 2 11 11 13 8 3 32 39 30 47 11 99 77 74 21 0 26 84 68 6 28 97 18 90 99 85 86 99 20 10 71 13 15 85 18 80 31 67 87 44 86 7 60 27 74 31 52 71 68 93 85 37 11 4 77 6 68 22 13 42 37 38 88 55 89 47 81 93 84 87 61 93 17 1 82 47 65 53 4 84 95 25 21 64 81 72 6 56 43 93 80 80 68 11 13 68 
91 97 93 79 99 71 41 92 60 34 56 58 23 77 50 37 3 91 96 26 0 51 16 79 68 40 31 33 79 63 59 53 36 95 65 74 20 35 80 76 55 25 71 8 59 56 2 32 5 40 75 62 85 62 80 36 97 2 8 80 40 76 58 93 40 46 74 73 97 80 35 72 7 55 66 41 88 81 68 15 96 25 9 12 36 55 62 43 42 21 22 12 48 18 68 17 14 50 90 35 
4 12 43 96 27 11 75 24 21 3 89 22 50 89 49 92 70 69 81 84 51 0 59 69 95 3 40 79 99 5 91 61 81 52 53 33 29 87 42 53 83 20 14 18 44 63 29 52 64 69 70 5 47 94 87 26 76 23 40 79 90 88 10 71 45 21 70 83 89 55 78 79 6 62 35 87 96 33 88 35 79 93 90 62 65 1 5 7 67 69 34 71 57 98 45 97 18 38 44 72 
2 86 23 87 25 47 59 1 58 56 13 4 33 5 92 82 7 12 21 68 16 59 0 63 28 64 1 23 90 4 1 27 97 92 71 63 1 63 21 65 21 45 10 95 41 22 12 51 15 55 93 38 79 82 8 54 22 7 45 38 44 90 39 54 4 23 25 78 24 81 30 33 23 94 30 46 87 45 5 16 50 89 38 63 35 97 9 30 24 8 37 74 20 72 93 55 34 61 56 6 
53 90 87 29 43 53 25 92 54 48 8 95 25 95 54 28 96 46 55 6 79 69 63 0 84 75 82 19 41 32 84 79 79 83 67 36 25 18 37 28 19 77 37 91 56 95 60 1 93 32 36 80 75 7 84 74 19 90 76 41 51 29 90 74 72 91 89 87 90 39 93 53 63 81 3 5 76 79 95 39 68 98 83 39 15 21 93 26 22 38 28 81 99 78 91 23 43 34 43 49 
92 61 14 49 24 20 21 59 88 24 41 52 10 94 69 52 74 93 47 28 68 95 28 84 0 2 7 2 41 87 46 91 37 13 16 90 62 35 26 10 77 82 60 89 5 74 63 22 95 66 60 38 88 11 45 67 25 67 89 42 63 47 2 17 99 23 26 3 48 51 70 36 58 67 56 5 31 62 19 75 56 31 95 44 91 3 88 15 50 19 72 91 83 33 75 42 69 54 78 85 
82 36 3 37 23 90 70 70 46 17 90 69 37 50 81 69 22 91 24 97 40 3 64 75 2 0 57 33 93 90 3 50 33 22 71 11 90 38 41 58 47 52 58 79 2 83 90 2 68 22 95 35 8 61 42 94 99 88 78 42 57 41 47 69 45 80 13 64 10 61 85 73 4 62 3 2 69 54 29 52 74 49 30 44 44 49 18 65 63 52 73 70 31 47 11 69 98 98 3 52 
21 55 48 66 72 24 26 28 90 13 23 79 36 43 65 44 11 15 18 18 31 40 1 82 7 57 0 79 53 43 22 88 63 34 50 22 40 11 92 51 80 77 16 76 78 20 15 48 98 79 35 57 83 62 2 62 20 70 22 73 41 86 88 17 17 92 98 67 49 65 89 32 19 81 3 30 28 31 89 52 30 72 64 7 95 28 81 90 10 77 71 36 59 43 40 33 37 93 30 74 
16 67 58 49 61 88 34 27 49 9 63 38 37 54 67 94 19 49 35 90 33 79 23 19 2 33 79 0 93 82 3 61 90 62 7 97 51 23 90 17 40 3 66 83 61 59 45 86 51 65 1 40 9 97 83 50 58 21 75 81 87 71 87 99 4 79 38 30 61 18 5 40 28 59 22 98 60 98 35 81 14 67 93 96 61 46 38 70 38 76 55 17 71 60 52 58 33 55 65 26 
18 55 18 93 81 63 5 84 43 28 28 23 78 81 13 8 61 57 76 99 79 99 90 41 41 93 53 93 0 1 34 59 93 48 73 92 93 33 37 3 90 11 94 68 27 98 89 48 79 47 49 31 69 75 98 49 36 99 23 43 31 54 61 34 85 67 16 93 4 66 53 8 23 84 92 67 48 69 30 11 14 90 27 43 4 99 74 95 6 58 89 58 9 89 47 40 18 64 75 26 
95 74 80 95 3 40 83 75 30 80 84 18 93 12 93 52 56 40 74 85 63 5 4 32 87 90 43 82 1 0 89 3 66 12 40 70 76 95 41 86 51 9 87 83 85 90 50 86 55 81 28 2 77 62 24 65 72 32 85 28 46 89 78 83 25 65 60 45 78 21 55 20 27 73 34 51 75 36 34 1 37 10 74 90 56 71 80 35 45 82 25 18 73 12 37 98 5 62 17 92 
47 31 96 97 32 51 50 86 20 18 78 66 36 72 34 47 90 52 59 86 59 91 1 84 46 3 22 3 34 89 0 39 47 46 3 31 15 39 58 29 45 94 99 45 72 75 62 72 73 80 38 97 42 8 3 77 25 34 1 78 82 69 36 78 39 38 21 26 63 77 75 24 81 61 62 2 48 95 84 16 37 7 93 84 44 59 21 58 43 68 77 19 57 41 91 64 23 15 72 29 
26 52 98 16 5 62 98 98 48 58 71 59 14 39 72 32 63 36 98 99 53 61 27 79 91 50 88 61 59 3 39 0 41 15 15 36 57 59 52 93 41 29 48 27 98 24 24 74 33 85 38 70 62 29 84 9 78 23 85 24 93 5 12 65 67 7 77 84 4 90 34 91 21 85 34 90 42 98 86 18 21 24 97 76 54 69 8 27 93 68 66 2 38 19 18 90 84 39 56 8 
71 50 81 86 93 29 79 70 67 50 85 98 64 28 72 35 83 51 74 20 36 81 97 79 37 33 63 90 93 66 47 41 0 32 78 14 87 39 74 20 27 54 88 41 98 42 2 21 4 46 56 9 33 8 61 33 86 4 85 42 42 60 61 20 43 78 87 13 63 91 34 15 56 61 12 11 59 51 38 70 24 7 7 84 51 1 89 58 41 90 13 12 55 60 93 72 2 76 43 73 
38 50 89 5 25 13 1 87 36 55 74 86 91 12 30 8 16 87 53 10 95 52 92 83 13 22 34 62 48 12 46 15 32 0 66 51 75 28 32 61 69 3 29 7 92 51 53 92 70 19 72 7 94 5 40 83 62 9 7 38 60 71 71 54 47 14 23 29 89 66 87 56 32 70 39 66 22 83 60 53 5 91 59 86 87 29 42 17 45 56 88 52 54 66 33 60 19 31 38 67 
69 41 98 88 31 58 93 47 83 61 71 96 49 62 1 64 32 26 22 71 65 53 71 67 16 71 50 7 73 40 3 15 78 66 0 76 98 14 20 53 7 69 16 22 42 7 63 60 47 93 30 17 43 76 14 26 17 34 20 71 92 64 54 66 93 64 75 12 51 76 79 43 77 89 61 85 72 34 44 61 63 4 46 88 8 57 30 23 64 74 46 37 81 18 11 92 91 32 23 61 
12 24 9 82 92 78 34 4 35 64 33 62 35 67 42 97 52 62 35 13 74 33 63 36 90 11 22 97 92 70 31 36 14 51 76 0 91 61 30 98 69 91 79 17 17 14 95 41 36 67 28 53 9 73 81 3 69 16 83 67 85 2 30 57 81 67 10 66 87 71 77 45 64 38 71 47 15 92 11 57 5 53 71 80 40 30 75 20 90 77 98 86 4 89 31 44 88 10 18 19 
67 66 57 55 42 65 37 3 26 3 67 33 5 8 77 43 41 55 43 15 20 29 1 25 62 90 40 51 93 76 15 57 87 75 98 91 0 59 27 9 19 79 16 96 53 58 30 93 6 49 54 72 60 94 54 33 46 29 71 28 59 41 21 88 66 33 85 70 29 61 60 8 82 62 6 78 79 97 87 38 69 83 40 95 66 33 9 57 17 34 53 35 58 93 43 93 66 51 40 94 
99 30 72 34 22 7 34 21 85 76 53 58 37 15 77 49 54 83 88 85 35 87 63 18 35 38 11 23 33 95 39 59 39 28 14 61 59 0 37 74 12 97 51 95 17 92 92 37 30 13 96 10 89 28 9 86 44 40 82 69 20 93 92 62 14 27 7 94 5 13 11 13 93 64 3 95 62 81 46 9 48 68 24 11 54 35 27 33 40 62 27 77 17 40 42 58 76 54 35 30 
35 7 22 14 86 77 56 63 38 43 95 22 4 8 70 15 13 94 53 18 80 42 21 37 26 41 92 90 37 41 58 52 74 32 20 30 27 37 0 31 95 37 23 22 27 29 11 11 54 80 53 93 21 85 28 43 55 71 70 52 75 31 40 34 40 86 34 48 39 65 96 12 62 52 31 87 64 57 48 56 70 50 82 1 93 99 32 44 31 75 4 50 26 66 38 1 23 43 41 80 
94 91 38 1 64 58 93 6 53 9 68 46 37 23 2 41 62 80 32 80 76 53 65 28 10 58 51 17 3 86 29 93 20 61 53 98 9 74 31 0 95 18 59 63 28 29 88 54 13 79 69 66 79 77 37 2 15 92 23 72 48 23 53 48 95 97 8 8 11 93 65 81 2 10 28 56 5 65 23 69 15 53 5 84 78 45 40 33 85 68 94 33 85 48 81 32 56 10 72 82 
3 7 92 16 87 39 76 63 29 2 25 92 23 59 64 89 96 97 47 31 55 83 21 19 77 47 80 40 90 51 45 41 27 69 7 69 19 12 95 95 0 1 6 35 60 71 27 37 43 68 33 95 71 3 42 11 79 34 12 93 30 61 34 58 26 6 91 43 88 27 19 84 24 93 35 24 94 82 67 27 5 46 86 89 40 37 50 59 78 56 77 3 42 11 25 43 95 16 15 4 
11 37 38 71 60 3 5 10 24 61 76 37 64 34 81 12 60 65 80 67 25 20 45 77 82 52 77 3 11 9 94 29 54 3 69 91 79 97 37 18 1 0 6 68 41 35 98 25 13 23 12 18 57 96 39 86 94 46 43 22 11 80 55 58 47 70 90 73 27 13 54 96 72 50 41 41 46 25 13 24 29 95 3 94 93 67 87 40 79 41 25 34 60 7 21 92 93 17 17 3 
22 57 79 86 13 60 62 71 48 89 29 25 70 4 90 48 15 65 26 87 71 14 10 37 60 58 16 66 94 87 99 48 88 29 16 79 16 51 23 59 6 6 0 43 93 39 11 25 28 78 48 50 92 44 54 23 53 36 47 46 26 61 4 38 71 86 5 99 56 28 67 51 19 91 66 17 46 93 87 21 12 67 99 44 97 1 28 42 4 68 68 41 96 62 20 44 18 25 19 84 
33 87 90 63 74 57 48 89 23 48 50 47 8 86 23 23 4 13 78 44 8 18 95 91 89 79 76 83 68 83 45 27 41 7 22 17 96 95 22 63 35 68 43 0 74 84 59 49 14 95 3 32 51 37 14 63 51 19 90 17 83 18 84 52 86 69 48 37 97 24 68 27 48 93 82 71 69 93 77 14 4 84 43 95 11 93 92 98 90 99 90 93 74 49 74 14 73 69 18 65 
73 53 57 13 70 24 81 40 59 82 98 58 68 19 37 51 99 61 50 86 59 44 41 56 5 2 78 61 27 85 72 98 98 92 42 17 53 17 27 28 60 41 93 74 0 33 38 11 52 63 8 49 88 45 31 20 6 71 68 21 58 57 47 82 38 22 23 6 6 89 56 45 51 23 18 50 97 36 91 6 10 13 51 80 44 43 41 45 78 49 5 14 85 27 24 4 56 17 27 55 
64 83 58 55 70 77 13 64 57 53 9 2 81 58 23 74 36 78 1 7 56 63 22 95 74 83 20 59 98 90 75 24 42 51 7 14 58 92 29 29 71 35 39 84 33 0 2 86 68 98 79 11 89 58 90 75 10 32 89 96 50 12 22 29 72 36 77 53 76 70 85 52 51 97 51 1 35 93 72 16 16 28 11 25 38 96 39 44 56 26 2 58 88 21 86 8 77 28 79 47 
41 45 91 85 35 8 41 42 66 74 93 7 85 45 79 33 80 78 61 60 2 29 12 60 63 90 15 45 89 50 62 24 2 53 63 95 30 92 11 88 27 98 11 59 38 2 0 49 80 45 28 62 26 19 77 91 47 85 31 6 84 54 69 9 56 21 45 65 16 60 97 35 90 77 49 5 86 88 75 43 77 30 87 55 82 53 54 89 88 15 8 10 40 99 97 7 54 4 37 85 
11 9 15 53 33 13 55 19 44 20 86 98 52 6 95 91 98 78 99 27 32 52 51 1 22 2 48 86 48 86 72 74 21 92 60 41 93 37 11 54 37 25 25 49 11 86 49 0 99 92 13 12 82 83 51 29 37 33 64 83 57 68 10 68 8 41 32 37 84 99 1 69 83 56 92 40 87 12 10 20 35 63 15 97 77 74 34 53 33 78 86 24 34 75 49 12 84 24 92 4 
53 9 88 12 11 87 55 13 55 2 80 30 73 66 69 54 32 40 55 74 5 64 15 93 95 68 98 51 79 55 73 33 4 70 47 36 6 30 54 13 43 13 28 14 52 68 80 99 0 22 55 13 62 73 84 60 22 53 97 22 50 37 17 6 31 97 5 36 57 99 90 98 85 47 84 92 25 96 55 28 38 42 28 95 42 37 6 67 53 93 5 46 9 24 54 65 39 6 9 92 
68 58 56 8 60 1 42 91 18 23 16 92 52 67 27 90 87 11 63 31 40 69 55 32 66 22 79 65 47 81 80 85 46 19 93 67 49 13 80 79 68 23 78 95 63 98 45 92 22 0 99 75 36 61 47 18 13 27 12 96 9 41 30 90 34 15 86 23 66 44 36 37 16 93 49 71 44 77 85 90 85 25 18 68 6 29 8 41 25 36 80 16 70 84 47 28 36 4 23 64 
47 21 11 32 96 50 62 4 26 31 49 78 94 92 42 97 84 47 16 52 75 70 93 36 60 95 35 1 49 28 38 38 56 72 30 28 54 96 53 69 33 12 48 3 8 79 28 13 55 99 0 11 40 50 4 83 66 41 70 45 6 88 56 7 66 57 78 99 74 55 91 90 32 58 96 17 90 67 7 34 46 62 2 39 26 95 6 14 50 86 79 76 22 79 1 12 76 64 57 70 
44 88 2 45 67 60 11 18 11 69 67 99 76 87 10 19 40 45 73 71 62 5 38 80 38 35 57 40 31 2 97 70 9 7 17 53 72 10 93 66 95 18 50 32 49 11 62 12 13 75 11 0 38 12 44 61 80 43 56 61 47 39 8 90 52 79 18 19 7 84 47 77 75 13 9 71 42 39 36 21 1 34 29 58 36 69 97 4 98 2 5 38 32 65 16 81 79 23 27 71 
62 22 34 13 85 28 77 32 25 78 28 52 26 32 82 80 17 70 61 68 85 47 79 75 88 8 83 9 69 77 42 62 33 94 43 9 60 89 21 79 71 57 92 51 88 89 26 82 62 36 40 38 0 13 82 40 16 88 19 89 13 59 51 71 83 64 38 12 84 59 1 74 33 59 14 49 95 22 41 16 77 52 65 91 38 10 67 55 87 24 22 39 41 48 4 34 68 41 72 68 
57 46 72 56 50 93 24 50 55 59 79 48 96 56 58 78 6 75 45 93 62 94 82 7 11 61 62 97 75 62 8 29 8 5 76 73 94 28 85 77 3 96 44 37 45 58 19 83 73 61 50 12 13 0 74 76 37 33 41 45 18 15 74 52 46 56 24 66 81 44 40 34 96 76 27 5 18 91 41 65 91 71 59 17 16 43 24 64 5 57 2 66 75 46 32 89 46 45 3 52 
37 6 55 21 40 84 78 5 1 8 64 82 72 74 26 31 70 89 73 85 80 87 8 84 45 42 2 83 98 24 3 84 61 40 14 81 54 9 28 37 42 39 54 14 31 90 77 51 84 47 4 44 82 74 0 1 26 53 84 49 50 5 46 25 70 36 95 93 23 32 56 96 10 76 92 50 90 95 52 50 15 36 61 60 84 29 34 50 82 6 36 84 90 17 82 66 16 88 25 1 
59 30 28 58 94 5 52 75 49 19 21 40 49 47 87 44 41 50 74 37 36 26 54 74 67 94 62 50 49 65 77 9 33 83 26 3 33 86 43 2 11 86 23 63 20 75 91 29 60 18 83 61 40 76 1 0 10 50 82 21 93 38 54 93 95 80 38 67 20 45 83 65 96 33 90 32 89 39 83 17 29 53 79 13 52 45 61 51 18 63 13 7 54 76 17 11 29 64 66 31 
23 13 46 46 95 40 43 39 96 71 5 15 40 21 70 40 82 49 50 11 97 76 22 19 25 99 20 58 36 72 25 78 86 62 17 69 46 44 55 15 79 94 53 51 6 10 47 37 22 13 66 80 16 37 26 10 0 42 98 22 55 87 57 58 64 62 10 46 65 80 65 46 40 97 42 64 94 84 70 15 6 6 2 96 33 11 67 15 45 75 54 48 19 79 88 21 92 97 97 9 
41 68 62 82 24 11 96 3 84 3 26 75 74 83 28 87 49 33 53 4 2 23 7 90 67 88 70 21 99 32 34 23 4 9 34 16 29 40 71 92 34 46 36 19 71 32 85 33 53 27 41 43 88 33 53 50 42 0 52 71 58 22 59 97 99 99 20 20 36 84 12 15 53 85 41 99 67 8 44 69 81 79 8 7 59 6 49 75 26 24 7 74 84 28 46 45 81 14 49 68 
29 91 86 81 19 4 73 22 15 45 16 62 19 22 51 99 23 65 81 77 8 40 45 76 89 78 22 75 23 85 1 85 85 7 20 83 71 82 70 23 12 43 47 90 68 89 31 64 97 12 70 56 19 41 84 82 98 52 0 38 7 93 4 5 97 17 55 41 43 33 97 79 36 55 33 54 30 52 4 79 88 70 54 72 76 1 15 86 31 80 75 60 14 38 57 90 38 81 47 42 
78 62 75 44 25 35 40 98 64 81 16 67 43 31 58 25 58 14 87 6 80 79 38 41 42 42 73 81 43 28 78 24 42 38 71 67 28 69 52 72 93 22 46 17 21 96 6 83 22 96 45 61 89 45 49 21 22 71 38 0 18 70 31 61 19 81 90 33 72 63 2 2 28 21 98 47 45 6 22 86 94 77 44 83 47 40 85 64 23 37 53 68 30 55 66 58 12 56 18 1 
16 55 33 96 76 56 13 47 42 4 26 36 11 76 13 83 5 82 99 68 40 90 44 51 63 57 41 87 31 46 82 93 42 60 92 85 59 20 75 48 30 11 26 83 58 50 84 57 50 9 6 47 13 18 50 93 55 58 7 18 0 42 76 6 2 84 23 70 12 50 75 11 50 95 88 20 1 83 98 92 48 84 45 87 62 43 58 59 71 16 72 32 41 83 88 15 76 16 98 39 
35 10 69 22 94 72 75 84 75 92 66 97 41 83 60 38 21 7 10 22 76 88 90 29 47 41 86 71 54 89 69 5 60 71 64 2 41 93 31 23 61 80 61 18 57 12 54 68 37 41 88 39 59 15 5 38 87 22 93 70 42 0 83 5 97 46 69 75 17 87 20 30 42 35 89 73 80 73 77 86 81 85 22 45 79 85 13 35 35 83 86 96 48 85 52 21 60 82 36 88 
90 59 42 29 58 50 72 48 13 85 87 18 89 48 83 92 95 32 43 13 58 10 39 90 2 47 88 87 61 78 36 12 61 71 54 30 21 92 40 53 34 55 4 84 47 22 69 10 17 30 56 8 51 74 46 54 57 59 4 31 76 83 0 19 36 92 65 78 98 96 86 11 76 47 21 2 45 2 64 39 72 57 70 20 54 59 80 98 91 60 10 91 67 33 75 36 99 75 90 76 
42 24 44 61 2 23 18 71 42 13 81 97 19 23 86 93 96 96 65 42 93 71 54 74 17 69 17 99 34 83 78 65 20 54 66 57 88 62 34 48 58 58 38 52 82 29 9 68 6 90 7 90 71 52 25 93 58 97 5 61 6 5 19 0 56 72 3 86 67 15 42 95 66 56 86 37 98 26 64 85 65 8 40 60 14 54 12 52 38 6 25 30 49 79 79 13 38 17 21 45 
88 37 16 35 71 85 10 64 96 98 64 28 65 82 42 52 16 67 72 37 40 45 4 72 99 45 17 4 85 25 39 67 43 47 93 81 66 14 40 95 26 47 71 86 38 72 56 8 31 34 66 52 83 46 70 95 64 99 97 19 2 97 36 56 0 91 69 39 8 65 62 73 81 70 47 53 8 8 15 29 66 89 63 71 41 59 31 72 14 66 88 70 68 99 55 50 44 36 78 6 
6 48 81 50 66 56 17 13 48 89 40 51 5 18 10 11 78 22 29 38 46 21 23 91 23 80 92 79 67 65 38 7 78 14 64 67 33 27 86 97 6 70 86 69 22 36 21 41 97 15 57 79 64 56 36 80 62 99 17 81 84 46 92 72 91 0 27 13 23 71 27 73 61 73 34 2 87 17 63 53 26 95 95 13 6 70 59 5 96 33 23 52 79 19 26 93 85 65 71 44 
40 83 98 73 78 16 32 75 72 22 86 16 85 76 72 60 78 82 81 88 74 70 25 89 26 13 98 38 16 60 21 77 87 23 75 10 85 7 34 8 91 90 5 48 23 77 45 32 5 86 78 18 38 24 95 38 10 20 55 90 23 69 65 3 69 27 0 7 71 87 99 19 96 15 52 92 53 57 90 59 57 86 9 65 86 19 59 13 35 28 1 68 69 56 31 78 74 95 43 74 
42 95 22 66 93 26 12 45 26 38 21 30 16 20 28 34 79 10 12 55 73 83 78 87 3 64 67 30 93 45 26 84 13 29 12 66 70 94 48 8 43 73 99 37 6 53 65 37 36 23 99 19 12 66 93 67 46 20 41 33 70 75 78 86 39 13 7 0 16 24 11 85 22 71 57 95 74 38 83 58 95 22 83 31 3 32 90 80 8 5 2 58 18 57 61 20 28 56 13 32 
64 41 51 44 51 57 95 12 6 37 62 49 50 11 34 40 58 41 76 89 97 89 24 90 48 10 49 61 4 78 63 4 63 89 51 87 29 5 39 11 88 27 56 97 6 76 16 84 57 66 74 7 84 81 23 20 65 36 43 72 12 17 98 67 8 23 71 16 0 92 82 67 20 58 74 87 94 83 64 64 14 46 90 25 55 63 67 92 31 19 80 18 28 48 20 79 91 66 87 8 
48 2 21 59 84 26 69 46 73 10 21 25 15 82 41 97 77 31 81 47 80 55 81 39 51 61 65 18 66 21 77 90 91 66 76 71 61 13 65 93 27 13 28 24 89 70 60 99 99 44 55 84 59 44 32 45 80 84 33 63 50 87 96 15 65 71 87 24 92 0 26 25 59 18 20 35 14 56 47 56 34 60 51 8 78 94 89 24 76 94 90 89 72 19 1 2 44 23 39 9 
46 50 99 92 18 57 31 78 29 61 64 58 9 56 18 85 50 87 47 81 35 78 30 93 70 85 89 5 53 55 75 34 34 87 79 77 60 11 96 65 19 54 67 68 56 85 97 1 90 36 91 47 1 40 56 83 65 12 97 2 75 20 86 42 62 27 99 11 82 26 0 27 37 86 16 27 69 23 99 14 15 44 36 69 78 76 58 52 46 37 15 88 16 88 82 74 33 15 56 56 
5 91 57 39 64 37 40 69 4 34 9 29 64 90 3 29 7 5 90 93 72 79 33 53 36 73 32 40 8 20 24 91 15 56 43 45 8 13 12 81 84 96 51 27 45 52 35 69 98 37 90 77 74 34 96 65 46 15 79 2 11 30 11 95 73 73 19 85 67 25 27 0 62 16 24 29 42 84 72 49 96 26 82 2 75 16 65 52 59 55 17 44 54 43 24 99 22 21 33 13 
90 36 76 53 19 71 88 62 5 8 15 20 66 25 67 40 29 79 71 84 7 6 23 63 58 4 19 28 23 27 81 21 56 32 77 64 82 93 62 2 24 72 19 48 51 51 90 83 85 16 32 75 33 96 10 96 40 53 36 28 50 42 76 66 81 61 96 22 20 59 37 62 0 17 93 73 60 75 74 85 1 22 8 95 26 20 91 88 29 72 77 93 8 54 22 76 37 16 3 90 
29 74 92 24 52 69 85 19 26 61 2 40 93 24 65 5 81 21 5 87 55 62 94 81 67 62 81 59 84 73 61 85 61 70 89 38 62 64 52 10 93 50 91 93 23 97 77 56 47 93 58 13 59 76 76 33 97 85 55 21 95 35 47 56 70 73 15 71 58 18 86 16 17 0 12 89 53 79 99 22 2 2 69 54 29 34 38 74 26 63 34 72 48 53 3 7 18 33 37 95 
70 20 89 54 87 61 90 85 12 59 73 60 74 86 38 91 95 38 72 61 66 35 30 3 56 3 3 22 92 34 62 34 12 39 61 71 6 3 31 28 35 41 66 82 18 51 49 92 84 49 96 9 14 27 92 90 42 41 33 98 88 89 21 86 47 34 52 57 74 20 16 24 93 12 0 79 61 44 59 61 7 76 72 45 92 72 28 96 11 35 35 29 16 32 56 58 49 20 96 24 
50 96 75 10 60 96 97 89 75 93 24 47 9 77 81 92 78 51 32 93 41 87 46 5 5 2 30 98 67 51 2 90 11 66 85 47 78 95 87 56 24 41 17 71 50 1 5 40 92 71 17 71 49 5 50 32 64 99 54 47 20 73 2 37 53 2 92 95 87 35 27 29 73 89 79 0 20 26 6 83 45 74 91 88 38 64 4 77 53 42 4 23 52 25 11 42 24 49 35 90 
6 21 12 45 26 22 89 44 93 15 41 62 95 69 57 10 76 47 89 17 88 96 87 76 31 69 28 60 48 75 48 42 59 22 72 15 79 62 64 5 94 46 46 69 97 35 86 87 25 44 90 42 95 18 90 89 94 67 30 45 1 80 45 98 8 87 53 74 94 14 69 42 60 53 61 20 0 46 28 55 4 41 9 81 79 2 83 92 32 12 99 61 47 5 90 69 59 28 39 28 
1 48 10 49 10 17 90 65 65 69 45 55 73 43 50 49 53 8 20 1 81 33 45 79 62 54 31 98 69 36 95 98 51 83 34 92 97 81 57 65 82 25 93 93 36 93 88 12 96 77 67 39 22 91 95 39 84 8 52 6 83 73 2 26 8 17 57 38 83 56 23 84 75 79 44 26 46 0 80 71 78 40 56 48 44 45 25 10 98 16 80 15 64 26 72 79 93 82 5 36 
93 99 3 86 57 12 45 40 36 37 62 75 89 34 14 78 99 46 65 82 68 88 5 95 19 29 89 35 30 34 84 86 38 60 44 11 87 46 48 23 67 13 87 77 91 72 75 10 55 85 7 36 41 41 52 83 70 44 4 22 98 77 64 64 15 63 90 83 64 47 99 72 74 99 59 6 28 80 0 33 5 87 32 38 65 64 18 99 32 8 96 38 78 38 45 59 69 44 62 69 
48 68 69 13 70 17 53 45 36 69 23 92 61 77 98 79 84 76 31 47 15 35 16 39 75 52 52 81 11 1 16 18 70 53 61 57 38 9 56 69 27 24 21 14 6 16 43 20 28 90 34 21 16 65 50 17 15 69 79 86 92 86 39 85 29 53 59 58 64 56 14 49 85 22 61 83 55 71 33 0 49 18 67 58 43 61 3 90 86 26 3 4 68 23 47 96 66 30 65 52 
29 84 61 74 15 96 14 8 41 58 31 61 72 68 58 71 65 59 58 65 96 79 50 68 56 74 30 14 14 37 37 21 24 5 63 5 69 48 70 15 5 29 12 4 10 16 77 35 38 85 46 1 77 91 15 29 6 81 88 94 48 81 72 65 66 26 57 95 14 34 15 96 1 2 7 45 4 78 5 49 0 17 73 86 68 97 79 24 28 60 58 25 67 12 34 52 69 62 70 11 
23 81 88 22 76 85 51 18 14 71 6 54 68 68 61 77 93 89 93 53 25 93 89 98 31 49 72 67 90 10 7 24 7 91 4 53 83 68 50 53 46 95 67 84 13 28 30 63 42 25 62 34 52 71 36 53 6 79 70 77 84 85 57 8 89 95 86 22 46 60 44 26 22 2 76 74 41 40 87 18 17 0 35 90 11 64 50 60 45 67 54 87 17 65 42 88 73 15 79 37 
84 34 1 68 27 41 40 70 94 64 68 98 58 91 63 73 8 22 6 4 9 90 38 83 95 30 64 93 27 74 93 97 7 59 46 71 40 24 82 5 86 3 99 43 51 11 87 15 28 18 2 29 65 59 61 79 2 8 54 44 45 22 70 40 63 95 9 83 90 51 36 82 8 69 72 91 9 56 32 67 73 35 0 88 69 86 30 9 40 21 19 81 26 20 11 54 93 84 57 99 
54 53 89 18 43 23 44 1 56 17 18 46 31 96 56 93 72 66 78 84 12 62 63 39 44 44 7 96 43 90 84 76 84 86 88 80 95 11 1 84 89 94 44 95 80 25 55 97 95 68 39 58 91 17 60 13 96 7 72 83 87 45 20 60 71 13 65 31 25 8 69 2 95 54 45 88 81 48 38 58 86 90 88 0 36 29 50 57 5 65 34 49 94 92 70 19 17 13 53 17 
56 99 55 87 58 29 58 23 52 15 2 14 68 83 7 20 43 86 48 95 36 65 35 15 91 44 95 61 4 56 44 54 51 87 8 40 66 54 93 78 40 93 97 11 44 38 82 77 42 6 26 36 38 16 84 52 33 59 76 47 62 79 54 14 41 6 86 3 55 78 78 75 26 29 92 38 79 44 65 43 68 11 69 36 0 77 60 5 53 91 62 76 54 72 34 16 50 93 45 52 
40 18 23 5 64 29 35 32 36 55 7 46 26 28 78 97 29 55 6 25 55 1 97 21 3 49 28 46 99 71 59 69 1 29 57 30 33 35 99 45 37 67 1 93 43 96 53 74 37 29 95 69 10 43 29 45 11 6 1 40 43 85 59 54 59 70 19 32 63 94 76 16 20 34 72 64 2 45 64 61 97 64 86 29 77 0 47 21 61 44 59 66 85 39 18 7 68 54 50 32 
66 38 2 58 9 65 59 72 38 15 7 88 10 27 89 26 14 28 71 21 62 5 9 93 88 18 81 38 74 80 21 8 89 42 30 75 9 27 32 40 50 87 28 92 41 39 54 34 6 8 6 97 67 24 34 61 67 49 15 85 58 13 80 12 31 59 59 90 67 89 58 65 91 38 28 4 83 25 18 3 79 50 30 50 60 47 0 99 20 35 98 92 16 82 29 16 59 58 83 99 
76 88 85 91 82 59 92 52 82 30 81 69 22 26 35 76 68 14 66 64 43 7 30 26 15 65 90 70 95 35 58 27 58 17 23 20 57 33 44 33 59 40 42 98 45 44 89 53 67 41 14 4 55 64 50 51 15 75 86 64 59 35 98 52 72 5 13 80 92 24 52 52 88 74 96 77 92 10 99 90 24 60 9 57 5 21 99 0 35 57 70 71 42 80 77 6 95 86 3 52 
31 27 82 2 86 32 5 87 55 39 12 38 74 71 65 90 55 60 96 81 42 67 24 22 50 63 10 38 6 45 43 93 41 45 64 90 17 40 31 85 78 79 4 90 78 56 88 33 53 25 50 98 87 5 82 18 45 26 31 23 71 35 91 38 14 96 35 8 31 76 46 59 29 26 11 53 32 98 32 86 28 45 40 5 53 61 20 35 0 18 35 85 28 78 60 1 49 64 85 26 
8 67 85 25 65 96 64 70 15 12 36 63 79 97 75 82 91 53 97 72 21 69 8 38 19 52 77 76 58 82 68 68 90 56 74 77 34 62 75 68 56 41 68 99 49 26 15 78 93 36 86 2 24 57 6 63 75 24 80 37 16 83 60 6 66 33 28 5 19 94 37 55 72 63 35 42 12 16 8 26 60 67 21 65 91 44 35 57 18 0 57 37 41 38 93 96 33 93 68 73 
44 28 88 77 87 55 81 63 31 88 30 75 10 12 86 78 73 77 20 6 22 34 37 28 72 73 71 55 89 25 77 66 13 88 46 98 53 27 4 94 77 25 68 90 5 2 8 86 5 80 79 5 22 2 36 13 54 7 75 53 72 86 10 25 88 23 1 2 80 90 15 17 77 34 35 4 99 80 96 3 58 54 19 34 62 59 98 70 35 57 0 35 9 96 81 61 39 84 23 99 
39 93 26 14 77 53 3 1 30 82 14 15 52 3 86 59 22 48 94 56 12 71 74 81 91 70 36 17 58 18 19 2 12 52 37 86 35 77 50 33 3 34 41 93 14 58 10 24 46 16 76 38 39 66 84 7 48 74 60 68 32 96 91 30 70 52 68 58 18 89 88 44 93 72 29 23 61 15 38 4 25 87 81 49 76 66 92 71 85 37 35 0 31 49 42 6 50 87 40 69 
26 48 17 14 74 62 29 3 41 54 9 21 82 27 33 18 48 3 29 43 48 57 20 99 83 31 59 71 9 73 57 38 55 54 81 4 58 17 26 85 42 60 96 74 85 88 40 34 9 70 22 32 41 75 90 54 19 84 14 30 41 48 67 49 68 79 69 18 28 72 16 54 8 48 16 52 47 64 78 68 67 17 26 94 54 85 16 42 28 41 9 31 0 23 88 67 83 58 6 38 
23 83 57 24 25 84 75 23 25 85 84 75 91 8 60 89 51 61 88 93 18 98 72 78 33 47 43 60 89 12 41 19 60 66 18 89 93 40 66 48 11 7 62 49 27 21 99 75 24 84 79 65 48 46 17 76 79 28 38 55 83 85 33 79 99 19 56 57 48 19 88 43 54 53 32 25 5 26 38 23 12 65 20 92 72 39 82 80 78 38 96 49 23 0 63 20 66 58 85 23 
37 7 32 34 27 34 8 27 11 10 56 15 95 45 30 59 86 31 9 80 68 45 93 91 75 11 40 52 47 37 91 18 93 33 11 31 43 42 38 81 25 21 20 74 24 86 97 49 54 47 1 16 4 32 82 17 88 46 57 66 88 52 75 79 55 26 31 61 20 1 82 24 22 3 56 11 90 72 45 47 34 42 11 70 34 18 29 77 60 93 81 42 88 63 0 29 98 56 70 75 
38 21 32 74 29 54 92 69 37 84 90 28 64 8 48 49 44 82 84 80 17 97 55 23 42 69 33 58 40 98 64 90 72 60 92 44 93 58 1 32 43 92 44 14 4 8 7 12 65 28 12 81 34 89 66 11 21 45 90 58 15 21 36 13 50 93 78 20 79 2 74 99 76 7 58 42 69 79 59 96 52 88 54 19 16 7 16 6 1 96 61 6 67 20 29 0 96 83 88 19 
18 10 69 72 28 72 97 15 86 74 93 34 74 85 28 24 46 55 69 68 14 18 34 43 69 98 37 33 18 5 23 84 2 19 91 88 66 76 23 56 95 93 18 73 56 77 54 84 39 36 76 79 68 46 16 29 92 81 38 12 76 60 99 38 44 85 74 28 91 44 33 22 37 18 49 24 59 93 69 66 69 73 93 17 50 68 59 95 49 33 39 50 83 66 98 96 0 46 90 75 
82 17 54 59 23 57 49 65 90 80 96 70 64 38 92 72 77 97 78 11 50 38 61 34 54 98 93 55 64 62 15 39 76 31 32 10 51 54 43 10 16 17 25 69 17 28 4 24 6 4 64 23 41 45 88 64 97 14 81 56 16 82 75 17 36 65 95 56 66 23 15 21 16 33 20 49 28 82 44 30 62 15 84 13 93 54 58 86 64 93 84 87 58 58 56 83 46 0 69 19 
29 13 21 33 20 69 56 28 50 15 52 5 2 37 33 80 17 6 17 13 90 44 56 43 78 3 30 65 75 17 72 56 43 38 23 18 40 35 41 72 15 17 19 18 27 79 37 92 9 23 57 27 72 3 25 66 97 49 47 18 98 36 90 21 78 71 43 13 87 39 56 33 3 37 96 35 39 5 62 65 70 79 57 53 45 50 83 3 85 68 23 40 6 85 70 88 90 69 0 41 
41 14 89 70 2 32 61 43 62 51 54 64 55 43 40 8 29 52 15 68 35 72 6 49 85 52 74 26 26 92 29 8 73 67 61 19 94 30 80 82 4 3 84 65 55 47 85 4 92 64 70 71 68 52 1 31 9 68 42 1 39 88 76 45 6 44 74 32 8 9 56 13 90 95 24 90 28 36 69 52 11 37 99 17 52 32 99 52 26 73 99 69 38 23 75 19 75 19 41 0 
