0 41 67 34 69 24 78 58 62 64 5 45 81 27 61 91 95 42 27 36 91 4 2 53 92 82 21 16 18 95 47 26 71 38 69 12 67 99 35 94 3 11 22 33 73 64 41 11 53 68 
41 0 47 44 62 57 37 59 23 41 29 78 16 35 90 42 88 6 40 42 64 48 46 5 90 29 70 50 6 1 93 48 29 23 84 54 56 40 66 76 31 8 44 39 26 23 37 38 18 82 
67 47 0 29 41 33 15 39 58 4 30 77 6 73 86 21 45 24 72 70 29 77 73 97 12 86 90 61 36 55 67 55 74 31 52 50 50 41 24 66 30 7 91 7 37 57 87 53 83 45 
34 44 29 0 9 9 58 21 88 22 46 6 30 13 68 91 62 55 10 59 24 37 48 83 95 41 2 50 91 36 74 20 96 21 48 99 68 84 81 34 53 99 18 38 88 27 67 28 93 48 
69 62 41 9 0 83 7 21 10 17 13 14 9 16 35 51 49 19 56 98 3 24 8 44 9 89 2 95 85 93 43 23 87 14 3 48 58 18 80 96 98 81 89 98 9 57 72 22 38 92 
24 57 33 9 83 0 38 79 90 57 58 91 15 88 56 11 2 34 72 55 28 46 62 86 75 33 69 42 44 16 81 98 22 51 21 99 57 76 92 89 75 12 10 3 69 61 88 1 89 55 
78 37 15 58 7 38 0 23 2 85 82 85 88 26 17 57 32 32 69 54 21 89 76 29 68 92 25 55 34 49 41 12 45 60 18 53 39 23 79 96 87 29 49 37 66 49 93 95 97 16 
58 59 39 21 21 79 23 0 86 5 88 82 55 34 14 1 16 71 86 63 13 55 85 53 12 8 32 45 13 56 21 58 46 82 81 44 96 22 29 61 35 50 73 66 44 59 92 39 53 24 
62 23 58 88 10 90 2 86 0 54 10 45 49 86 13 74 22 68 18 87 5 58 91 2 25 77 14 14 24 34 74 72 59 33 70 87 97 18 77 73 70 63 68 92 85 2 80 13 27 2 
64 41 4 22 17 57 85 5 54 0 99 27 25 43 24 23 72 61 81 3 32 5 93 25 31 92 42 22 86 64 87 60 13 74 70 70 35 33 11 60 96 67 85 50 40 94 95 24 19 25 
5 29 30 46 13 58 82 88 10 99 0 76 94 58 2 71 66 78 93 51 84 18 64 19 52 87 60 26 10 57 70 15 76 27 43 58 64 9 82 86 65 87 77 74 25 27 29 28 23 20 
45 78 77 6 14 91 85 82 45 27 76 0 2 62 23 96 37 61 95 25 64 60 2 16 30 26 11 71 11 47 53 20 90 24 88 63 40 51 62 29 13 58 78 65 7 77 58 39 3 60 
81 16 6 30 9 15 88 55 49 25 94 2 0 57 24 77 8 13 87 1 50 60 28 93 84 5 40 11 4 35 56 72 50 23 85 56 16 26 57 26 57 37 71 69 61 96 22 17 12 17 
27 35 73 13 16 88 26 34 86 43 58 62 57 0 96 85 41 23 29 29 65 59 32 96 55 53 62 84 34 54 72 57 69 32 63 7 83 11 35 67 48 75 38 23 42 54 11 41 75 59 
61 90 86 68 35 56 17 14 13 24 2 23 24 96 0 25 21 70 26 34 5 83 50 98 79 1 93 34 37 34 56 93 76 5 62 48 81 13 41 55 55 42 62 11 77 24 78 52 43 96 
91 42 21 91 51 11 57 1 74 23 71 96 77 85 25 0 73 40 13 75 72 18 10 17 32 12 95 69 31 40 88 85 90 97 89 90 45 53 14 51 40 44 58 35 59 92 5 64 81 3 
95 88 45 62 49 2 32 16 22 72 66 37 8 41 21 73 0 29 75 8 92 97 49 56 61 27 67 41 29 40 13 74 1 77 15 83 13 92 24 1 92 59 70 28 27 84 75 86 98 70 
42 6 24 55 19 34 32 71 68 61 78 61 13 23 70 40 29 0 87 47 4 3 21 63 6 63 10 71 89 40 64 42 19 13 91 4 18 32 50 5 75 39 3 22 98 47 84 48 71 64 
27 40 72 10 56 72 69 86 18 81 93 95 87 29 26 13 75 87 0 13 75 45 12 46 78 69 62 19 85 89 44 65 40 45 8 18 70 1 23 32 72 52 87 70 63 1 3 23 27 69 
36 42 70 59 98 55 54 63 87 3 51 25 1 29 34 75 8 47 13 0 15 65 28 43 47 88 43 37 9 63 49 81 88 42 8 60 21 58 54 88 46 90 49 43 30 20 48 67 36 83 
91 64 29 24 3 28 21 13 5 32 84 64 50 65 5 72 92 4 75 15 0 35 26 85 38 53 29 24 48 23 59 57 66 44 55 18 26 11 25 55 1 49 96 84 15 64 42 75 13 42 
4 48 77 37 24 46 89 55 58 5 18 60 60 59 83 18 97 3 45 65 35 0 96 48 72 26 6 73 29 4 5 26 12 75 93 65 36 36 41 14 94 56 52 36 38 82 55 15 31 30 
2 46 73 48 8 62 76 85 91 93 64 2 28 32 50 10 49 21 12 28 26 96 0 41 25 11 37 86 90 50 62 34 93 53 16 52 8 62 33 54 3 34 3 56 48 24 17 13 9 28 
53 5 97 83 44 86 29 53 2 25 19 16 93 96 98 17 56 63 46 43 85 48 41 0 80 18 58 50 55 61 64 3 76 43 9 2 61 89 48 82 53 74 20 2 23 31 69 78 59 8 
92 90 12 95 9 75 68 12 25 31 52 30 84 55 79 32 61 6 78 47 38 72 25 80 0 19 71 3 45 81 4 92 85 13 98 89 22 38 37 10 61 34 8 61 59 93 15 69 37 69 
82 29 86 41 89 33 92 8 77 92 87 26 5 53 1 12 27 63 69 88 53 26 11 18 19 0 58 71 64 17 15 55 15 30 39 12 88 82 54 85 10 84 74 80 15 51 41 15 79 10 
21 70 90 2 2 69 25 32 14 42 60 11 40 62 93 95 67 10 62 43 29 6 37 58 71 58 0 98 73 88 77 32 56 89 13 8 41 90 23 63 28 84 78 71 85 74 71 33 67 53 
16 50 61 50 95 42 55 45 14 22 26 71 11 84 34 69 41 71 19 37 24 73 86 50 3 71 98 0 95 68 25 76 29 50 98 9 93 86 80 16 49 67 28 79 64 21 5 26 16 16 
18 6 36 91 85 44 34 13 24 86 10 11 4 34 37 31 29 89 85 9 48 29 90 55 45 64 73 95 0 26 66 87 81 64 40 86 21 62 21 64 9 15 2 73 24 41 45 62 23 31 
95 1 55 36 93 16 49 56 34 64 57 47 35 54 34 40 40 40 89 63 23 4 50 61 81 17 88 68 26 0 6 68 18 2 7 7 81 12 36 30 14 9 84 56 90 93 96 52 54 45 
47 93 67 74 43 81 41 21 74 87 70 53 56 72 56 88 13 64 44 49 59 5 62 64 4 15 77 25 66 6 0 8 48 91 12 31 14 39 58 22 4 95 52 69 79 38 23 18 66 59 
26 48 55 20 23 98 12 58 72 60 15 20 72 57 93 85 74 42 65 81 57 26 34 3 92 55 32 76 87 68 8 0 98 86 96 62 33 58 22 46 92 37 25 47 58 2 7 98 30 92 
71 29 74 96 87 22 45 46 59 13 76 90 50 69 76 90 1 19 40 88 66 12 93 76 85 15 56 29 81 18 48 98 0 78 99 52 48 82 40 15 75 62 67 36 97 18 97 28 51 16 
38 23 31 21 14 51 60 82 33 74 27 24 23 32 5 97 77 13 45 42 44 75 53 43 13 30 89 50 64 2 91 86 78 0 30 49 25 58 29 20 40 60 47 62 55 75 92 61 54 98 
69 84 52 48 3 21 18 81 70 70 43 88 85 63 62 89 15 91 8 8 55 93 16 9 98 39 13 98 40 7 12 96 99 30 0 46 14 46 88 69 38 63 75 15 21 75 15 28 34 70 
12 54 50 99 48 99 53 44 87 70 58 63 56 7 48 90 83 4 18 60 18 65 52 2 89 12 8 9 86 7 31 62 52 49 46 0 5 64 57 62 61 24 49 69 30 23 50 33 25 10 
67 56 50 68 58 57 39 96 97 35 64 40 16 83 81 45 13 18 70 21 26 36 8 61 22 88 41 93 21 81 14 33 48 25 14 5 0 37 36 37 78 93 36 14 64 91 49 35 5 37 
99 40 41 84 18 76 23 22 18 33 9 51 26 11 13 53 92 32 1 58 11 36 62 89 38 82 90 86 62 12 39 58 82 58 46 64 37 0 4 37 23 64 70 8 68 81 85 52 73 52 
35 66 24 81 80 92 79 29 77 11 82 62 57 35 41 14 24 50 23 54 25 41 33 48 37 54 23 80 21 36 58 22 40 29 88 57 36 4 0 94 76 26 96 72 49 40 74 19 43 11 
94 76 66 34 96 89 96 61 73 60 86 29 26 67 55 51 1 5 32 88 55 14 54 82 10 85 63 16 64 30 22 46 15 20 69 62 37 37 94 0 41 89 19 65 5 85 16 50 15 9 
3 31 30 53 98 75 87 35 70 96 65 13 57 48 55 40 92 75 72 46 1 94 3 53 61 10 28 49 9 14 4 92 75 40 38 61 78 23 76 41 0 64 66 93 74 9 95 73 89 61 
11 8 7 99 81 12 29 50 63 67 87 58 37 75 42 44 59 39 52 90 49 56 34 74 34 84 84 67 15 9 95 37 62 60 63 24 93 64 26 89 64 0 72 68 58 31 68 26 10 22 
22 44 91 18 89 10 49 73 68 85 77 78 71 38 62 58 70 3 87 49 96 52 3 20 8 74 78 28 2 84 52 25 67 47 75 49 36 70 96 19 66 72 0 74 79 10 52 82 91 95 
33 39 7 38 98 3 37 66 92 50 74 65 69 23 11 35 28 22 70 43 84 36 56 2 61 80 71 79 73 56 69 47 36 62 15 69 14 8 72 65 93 68 74 0 64 74 64 2 55 60 
73 26 37 88 9 69 66 44 85 40 25 7 61 42 77 59 27 98 63 30 15 38 48 23 59 15 85 64 24 90 79 58 97 55 21 30 64 68 49 5 74 58 79 64 0 74 72 21 22 47 
64 23 57 27 57 61 49 59 2 94 27 77 96 54 24 92 84 47 1 20 64 82 24 31 93 51 74 21 41 93 38 2 18 75 75 23 91 81 40 85 9 31 10 74 74 0 77 89 5 95 
41 37 87 67 72 88 93 92 80 95 29 58 22 11 78 5 75 84 3 48 42 55 17 69 15 41 71 5 45 96 23 7 97 92 15 50 49 85 74 16 95 68 52 64 72 77 0 94 50 43 
11 38 53 28 22 1 95 39 13 24 28 39 17 41 52 64 86 48 23 67 75 15 13 78 69 15 33 26 62 52 18 98 28 61 28 33 35 52 19 50 73 26 82 2 21 89 94 0 54 81 
53 18 83 93 38 89 97 53 27 19 23 3 12 75 43 81 98 71 27 36 13 31 9 59 37 79 67 16 23 54 66 30 51 54 34 25 5 73 43 15 89 10 91 55 22 5 50 54 0 12 
68 82 45 48 92 55 16 24 2 25 20 60 17 59 96 3 70 64 69 83 42 30 28 8 69 10 53 16 31 45 59 92 16 98 70 10 37 52 11 9 61 22 95 60 47 95 43 81 12 0 
